":START_ID",":END_ID"
"0c33f3cd-0da5-4730-97a3-720fdd1b097c","49a4ec72-fc27-4d13-a698-2388c00b353e"
"ba87f1aa-b783-4854-996e-9d12106af748","0d7d133d-4d8e-4096-98e8-2ba55a21314d"
"ba87f1aa-b783-4854-996e-9d12106af748","dfcc9b0c-c4b5-4ab5-b1b9-2ca60d6111fc"
"50a370b8-c21d-4cf9-a3f8-babc7038231b","99aa67b8-0858-482c-a667-5c41f2ad508c"
"50a370b8-c21d-4cf9-a3f8-babc7038231b","c8df7b8d-7771-416a-9801-b475f3df0215"
"50a370b8-c21d-4cf9-a3f8-babc7038231b","39a670ca-05cf-44de-bc32-c6101611e2e7"
"1f552f8d-8dda-4549-8d76-a973d9e46a68","53ddf1cb-d9c0-4fb2-b030-816fad61c5be"
"1f552f8d-8dda-4549-8d76-a973d9e46a68","09851401-577b-4b89-a9ae-3dd6e6a26a3b"
"1f552f8d-8dda-4549-8d76-a973d9e46a68","2ccf8ae8-fec8-4f09-9f86-993d398a05e1"
"1f552f8d-8dda-4549-8d76-a973d9e46a68","7790e628-2b95-49b1-a99b-ddc0c6f6cbfc"
"1f552f8d-8dda-4549-8d76-a973d9e46a68","338127a1-c89c-4bec-b148-205291124d94"
"1f552f8d-8dda-4549-8d76-a973d9e46a68","41cf2a39-9621-4425-8b83-e0b0d4bc833e"
"1f552f8d-8dda-4549-8d76-a973d9e46a68","af9bd359-ce4e-4f20-9469-226acb1dd191"
"4e842223-e072-43f6-929d-cdca2ac5ef48","e7f014bf-075a-4706-965f-063ac1f50e77"
"b2e7136f-1eed-46bc-836a-8ba81af8389b","e01dabd9-0e4e-4cf8-8894-03325222403b"
"f5b599c3-e268-4b3d-abac-478eb555923c","04bb1236-58a2-4221-afad-603cf48642e4"
"f5b599c3-e268-4b3d-abac-478eb555923c","5a8e061c-ae14-43f6-9dd0-2d55074d9e06"
"f5b599c3-e268-4b3d-abac-478eb555923c","2bc2b7f4-cc1f-437f-a95f-b2e6bb4a1a99"
"c2574b47-24f3-410e-a78b-3f3526268b8f","9ae74a33-105e-4d96-b952-86f86a2c0803"
"c2574b47-24f3-410e-a78b-3f3526268b8f","ac5960bc-c703-4826-a20e-af9de59d39bd"
"c2574b47-24f3-410e-a78b-3f3526268b8f","f97fafcc-877a-4b8e-bf93-e61324f8ddb8"
