":START_ID",":END_ID"
"6b91faec-6b1e-4d38-99b5-dae4152c6454","9a98aa32-4be1-4cab-b28c-ecbddb26c243"
"6bb3016d-63e9-49e4-aa04-ea2ed24a70ae","567e04be-8993-4760-b03c-07dc9d19b194"
"d9bff3ff-df61-4f2d-94d0-95ac81fd25f0","567e04be-8993-4760-b03c-07dc9d19b194"
"6de26234-98d8-466e-b269-5cc4bbf4f9d7","567e04be-8993-4760-b03c-07dc9d19b194"
"e2aec947-b930-460d-b5ac-94c6e6a0488f","d80de0e7-79f7-4328-a7bd-dd014a3cef30"
"06eb8d2e-c1ba-4d59-9cc7-68e3cb210a91","9a98aa32-4be1-4cab-b28c-ecbddb26c243"
"a1c9e2de-fc6d-4409-87a9-6f150dfeadeb","71aeecb5-5efe-4a6e-a17f-a2edd915fa02"
"abe7bccc-79a3-4b9f-8714-6b85164dd19d","71aeecb5-5efe-4a6e-a17f-a2edd915fa02"
"be075b15-db08-4f12-a6c4-f09735c18ef7","71aeecb5-5efe-4a6e-a17f-a2edd915fa02"
"81983765-9c51-4923-bac2-0f30c6ac765d","d80de0e7-79f7-4328-a7bd-dd014a3cef30"
"07d33817-1bd5-4d8a-96fd-d20f15ec8cb1","9a98aa32-4be1-4cab-b28c-ecbddb26c243"
"d24825ab-b73a-44b5-a941-8103f825cf6d","2aabc6cc-eb30-4648-bf34-a7c6054b3a29"
"bebcc374-ed75-4770-a3f7-0592f0b2f01c","e742385a-298c-4185-9144-beb3f3815083"
"7d1fe503-fcb4-4bd0-92c4-f00b630b9dbc","b4cc7352-d779-4d37-b5d7-9f0ec52f44f0"
"2a94af7e-6a69-4a31-af60-bb1b28ceadd8","d80de0e7-79f7-4328-a7bd-dd014a3cef30"
