":START_ID",":END_ID"
"a5875cc0-13a6-499d-9fc9-3dad2761430d","296e0ea1-3bb9-40a2-8cd3-7d0c48cc77bf"
"a5875cc0-13a6-499d-9fc9-3dad2761430d","7a2407a7-62f9-416d-a669-35985dc80ae5"
"a5875cc0-13a6-499d-9fc9-3dad2761430d","198bb66b-06cc-4822-bf78-af66c0ea72f5"
"a5875cc0-13a6-499d-9fc9-3dad2761430d","102ad00d-4e70-4ff9-a14c-3f097686db7b"
"a5875cc0-13a6-499d-9fc9-3dad2761430d","aa910573-1da9-4e54-94db-9d4e3944edb8"
