":START_ID",":END_ID"
"dfb2cc9f-9d47-49ca-8f44-28d32d806cd9","0ef05d96-be70-4d35-90f5-561c6f31b141"
"dfb2cc9f-9d47-49ca-8f44-28d32d806cd9","7a936036-cece-4f79-a4a3-7ccaccf3a0e0"
"dfb2cc9f-9d47-49ca-8f44-28d32d806cd9","ac14be30-8075-414f-ad21-5c1fed8d9a39"
"dfb2cc9f-9d47-49ca-8f44-28d32d806cd9","1946ed88-8785-4a08-ba46-7b1463e34785"
"dfb2cc9f-9d47-49ca-8f44-28d32d806cd9","a668bba1-c95d-4378-ba71-54949ef4f91e"
"dfb2cc9f-9d47-49ca-8f44-28d32d806cd9","7265b946-fada-4eac-ae82-bdb9918fcb23"
"dfb2cc9f-9d47-49ca-8f44-28d32d806cd9","c0395c0c-b6b8-4469-a471-0486012d6935"
"dfb2cc9f-9d47-49ca-8f44-28d32d806cd9","72bd8d49-c8cb-43d3-9c85-37b04d66e8e4"
"dfb2cc9f-9d47-49ca-8f44-28d32d806cd9","fa38230c-9d12-401f-b244-0856b14e5561"
"dfb2cc9f-9d47-49ca-8f44-28d32d806cd9","1e6c1747-5125-4903-a6a8-fb87f4c9256e"
"dfb2cc9f-9d47-49ca-8f44-28d32d806cd9","8139e40c-b1c5-4a6e-b462-40d8fdd42c71"
"dfb2cc9f-9d47-49ca-8f44-28d32d806cd9","6d92600d-2d5b-4b1b-94d4-d44d75e67b82"
"dfb2cc9f-9d47-49ca-8f44-28d32d806cd9","0059b311-550f-4bd8-b064-02d7d4b565c3"
"dfb2cc9f-9d47-49ca-8f44-28d32d806cd9","c129af8c-aea5-45dd-ae57-0c392131f34d"
"dfb2cc9f-9d47-49ca-8f44-28d32d806cd9","8b242477-ac7c-4c6d-9a0c-17b2aeaf74bd"
"dfb2cc9f-9d47-49ca-8f44-28d32d806cd9","52c32a4c-3a3a-46b6-8b5f-bbe98a78a481"
"dfb2cc9f-9d47-49ca-8f44-28d32d806cd9","d41e8cfe-3bd6-4a60-ab67-22036f2c606c"
"dfb2cc9f-9d47-49ca-8f44-28d32d806cd9","62cc5fd9-dad3-4a84-9ef4-7914d0dd16c6"
"dfb2cc9f-9d47-49ca-8f44-28d32d806cd9","56741c81-0cfe-426d-a148-4df444c0e22a"
"dfb2cc9f-9d47-49ca-8f44-28d32d806cd9","8d8a0ecd-9854-46c2-9ab4-f9e38e3654ec"
"dfb2cc9f-9d47-49ca-8f44-28d32d806cd9","6759b52f-bf53-41bf-beaf-ac00f46223d1"
"dfb2cc9f-9d47-49ca-8f44-28d32d806cd9","7d2b0938-521b-419b-a49e-7b89042301de"
"dfb2cc9f-9d47-49ca-8f44-28d32d806cd9","b7d988e0-c5d0-4972-becd-8d120a09f531"
"809a2ec8-b63a-4f47-b2e0-18d26ad3a2ca","8139e40c-b1c5-4a6e-b462-40d8fdd42c71"
"809a2ec8-b63a-4f47-b2e0-18d26ad3a2ca","7bc49482-e2d5-4305-94e8-a30875cc85f0"
"7d452985-5a57-45f2-96c0-6c06c0b3e4a1","412c6bce-9a12-47c2-896f-1ba647666434"
"7d452985-5a57-45f2-96c0-6c06c0b3e4a1","8139e40c-b1c5-4a6e-b462-40d8fdd42c71"
"7d452985-5a57-45f2-96c0-6c06c0b3e4a1","2dc5802c-a87b-4fc6-87f2-719f0e77e8b2"
"7d452985-5a57-45f2-96c0-6c06c0b3e4a1","8b242477-ac7c-4c6d-9a0c-17b2aeaf74bd"
"7d452985-5a57-45f2-96c0-6c06c0b3e4a1","6424afba-361b-452b-9876-8d901ca40a23"
"7d452985-5a57-45f2-96c0-6c06c0b3e4a1","ec88fc08-c847-4e2b-a86e-9e62a4bcafe2"
"7d452985-5a57-45f2-96c0-6c06c0b3e4a1","8d8a0ecd-9854-46c2-9ab4-f9e38e3654ec"
"7d452985-5a57-45f2-96c0-6c06c0b3e4a1","6759b52f-bf53-41bf-beaf-ac00f46223d1"
"7d452985-5a57-45f2-96c0-6c06c0b3e4a1","7d2b0938-521b-419b-a49e-7b89042301de"
"7d452985-5a57-45f2-96c0-6c06c0b3e4a1","b7d988e0-c5d0-4972-becd-8d120a09f531"
"c6ad3dd1-171b-4081-8d52-edc7571c5c53","9fb66f46-5dc1-4cc5-8a1a-fbeb1c5aa7e7"
"c6ad3dd1-171b-4081-8d52-edc7571c5c53","8139e40c-b1c5-4a6e-b462-40d8fdd42c71"
"c6ad3dd1-171b-4081-8d52-edc7571c5c53","6d92600d-2d5b-4b1b-94d4-d44d75e67b82"
"c6ad3dd1-171b-4081-8d52-edc7571c5c53","8b242477-ac7c-4c6d-9a0c-17b2aeaf74bd"
"c6ad3dd1-171b-4081-8d52-edc7571c5c53","52c32a4c-3a3a-46b6-8b5f-bbe98a78a481"
"c6ad3dd1-171b-4081-8d52-edc7571c5c53","d41e8cfe-3bd6-4a60-ab67-22036f2c606c"
"c6ad3dd1-171b-4081-8d52-edc7571c5c53","62cc5fd9-dad3-4a84-9ef4-7914d0dd16c6"
"c6ad3dd1-171b-4081-8d52-edc7571c5c53","6424afba-361b-452b-9876-8d901ca40a23"
"c6ad3dd1-171b-4081-8d52-edc7571c5c53","ec88fc08-c847-4e2b-a86e-9e62a4bcafe2"
"c6ad3dd1-171b-4081-8d52-edc7571c5c53","b7d988e0-c5d0-4972-becd-8d120a09f531"
"8c627b35-1146-44da-b52e-993843be7698","8139e40c-b1c5-4a6e-b462-40d8fdd42c71"
"8c627b35-1146-44da-b52e-993843be7698","6d92600d-2d5b-4b1b-94d4-d44d75e67b82"
"8c627b35-1146-44da-b52e-993843be7698","8b242477-ac7c-4c6d-9a0c-17b2aeaf74bd"
"8c627b35-1146-44da-b52e-993843be7698","52c32a4c-3a3a-46b6-8b5f-bbe98a78a481"
"8c627b35-1146-44da-b52e-993843be7698","d41e8cfe-3bd6-4a60-ab67-22036f2c606c"
"8c627b35-1146-44da-b52e-993843be7698","6424afba-361b-452b-9876-8d901ca40a23"
"8c627b35-1146-44da-b52e-993843be7698","ec88fc08-c847-4e2b-a86e-9e62a4bcafe2"
"8c627b35-1146-44da-b52e-993843be7698","b7d988e0-c5d0-4972-becd-8d120a09f531"
"ed0c500a-6469-4dac-9cb8-fa2a0a630e00","8139e40c-b1c5-4a6e-b462-40d8fdd42c71"
"ed0c500a-6469-4dac-9cb8-fa2a0a630e00","6d92600d-2d5b-4b1b-94d4-d44d75e67b82"
"ed0c500a-6469-4dac-9cb8-fa2a0a630e00","8b242477-ac7c-4c6d-9a0c-17b2aeaf74bd"
"ed0c500a-6469-4dac-9cb8-fa2a0a630e00","52c32a4c-3a3a-46b6-8b5f-bbe98a78a481"
"ed0c500a-6469-4dac-9cb8-fa2a0a630e00","d41e8cfe-3bd6-4a60-ab67-22036f2c606c"
"ed0c500a-6469-4dac-9cb8-fa2a0a630e00","6424afba-361b-452b-9876-8d901ca40a23"
"ed0c500a-6469-4dac-9cb8-fa2a0a630e00","ec88fc08-c847-4e2b-a86e-9e62a4bcafe2"
"ed0c500a-6469-4dac-9cb8-fa2a0a630e00","b7d988e0-c5d0-4972-becd-8d120a09f531"
"fdf90cef-7e4d-40b5-9088-da1614871ab7","8139e40c-b1c5-4a6e-b462-40d8fdd42c71"
"fdf90cef-7e4d-40b5-9088-da1614871ab7","6d92600d-2d5b-4b1b-94d4-d44d75e67b82"
"fdf90cef-7e4d-40b5-9088-da1614871ab7","8b242477-ac7c-4c6d-9a0c-17b2aeaf74bd"
"fdf90cef-7e4d-40b5-9088-da1614871ab7","52c32a4c-3a3a-46b6-8b5f-bbe98a78a481"
"fdf90cef-7e4d-40b5-9088-da1614871ab7","d41e8cfe-3bd6-4a60-ab67-22036f2c606c"
"fdf90cef-7e4d-40b5-9088-da1614871ab7","ec88fc08-c847-4e2b-a86e-9e62a4bcafe2"
"fdf90cef-7e4d-40b5-9088-da1614871ab7","8d8a0ecd-9854-46c2-9ab4-f9e38e3654ec"
"fdf90cef-7e4d-40b5-9088-da1614871ab7","6759b52f-bf53-41bf-beaf-ac00f46223d1"
"fdf90cef-7e4d-40b5-9088-da1614871ab7","7d2b0938-521b-419b-a49e-7b89042301de"
"fdf90cef-7e4d-40b5-9088-da1614871ab7","b7d988e0-c5d0-4972-becd-8d120a09f531"
"afe11e47-1f7d-4b2a-a6c9-b7fdc27e70e9","b7d988e0-c5d0-4972-becd-8d120a09f531"
"3c482c7e-b6d3-487a-bf16-cdc5662dca80","8139e40c-b1c5-4a6e-b462-40d8fdd42c71"
"3c482c7e-b6d3-487a-bf16-cdc5662dca80","6d92600d-2d5b-4b1b-94d4-d44d75e67b82"
"3c482c7e-b6d3-487a-bf16-cdc5662dca80","8b242477-ac7c-4c6d-9a0c-17b2aeaf74bd"
"3c482c7e-b6d3-487a-bf16-cdc5662dca80","52c32a4c-3a3a-46b6-8b5f-bbe98a78a481"
"3c482c7e-b6d3-487a-bf16-cdc5662dca80","d41e8cfe-3bd6-4a60-ab67-22036f2c606c"
"3c482c7e-b6d3-487a-bf16-cdc5662dca80","62cc5fd9-dad3-4a84-9ef4-7914d0dd16c6"
"3c482c7e-b6d3-487a-bf16-cdc5662dca80","6424afba-361b-452b-9876-8d901ca40a23"
"3c482c7e-b6d3-487a-bf16-cdc5662dca80","ec88fc08-c847-4e2b-a86e-9e62a4bcafe2"
"3c482c7e-b6d3-487a-bf16-cdc5662dca80","b7d988e0-c5d0-4972-becd-8d120a09f531"
"9e649438-ebe9-4d4b-a75b-98f2eb9eb776","b7d988e0-c5d0-4972-becd-8d120a09f531"
"3bbfc29d-b5e9-4ee4-a5da-cc816f69cebf","8139e40c-b1c5-4a6e-b462-40d8fdd42c71"
"3bbfc29d-b5e9-4ee4-a5da-cc816f69cebf","6d92600d-2d5b-4b1b-94d4-d44d75e67b82"
"3bbfc29d-b5e9-4ee4-a5da-cc816f69cebf","8b242477-ac7c-4c6d-9a0c-17b2aeaf74bd"
"3bbfc29d-b5e9-4ee4-a5da-cc816f69cebf","52c32a4c-3a3a-46b6-8b5f-bbe98a78a481"
"3bbfc29d-b5e9-4ee4-a5da-cc816f69cebf","d41e8cfe-3bd6-4a60-ab67-22036f2c606c"
"3bbfc29d-b5e9-4ee4-a5da-cc816f69cebf","ec88fc08-c847-4e2b-a86e-9e62a4bcafe2"
"3bbfc29d-b5e9-4ee4-a5da-cc816f69cebf","8d8a0ecd-9854-46c2-9ab4-f9e38e3654ec"
"3bbfc29d-b5e9-4ee4-a5da-cc816f69cebf","6759b52f-bf53-41bf-beaf-ac00f46223d1"
"3bbfc29d-b5e9-4ee4-a5da-cc816f69cebf","7d2b0938-521b-419b-a49e-7b89042301de"
"3bbfc29d-b5e9-4ee4-a5da-cc816f69cebf","b7d988e0-c5d0-4972-becd-8d120a09f531"
"53d82ea9-65d0-4fdf-8c30-b62bb6b149d8","b7d988e0-c5d0-4972-becd-8d120a09f531"
"8a749707-273f-4154-af9a-3709480f28fd","8139e40c-b1c5-4a6e-b462-40d8fdd42c71"
"8a749707-273f-4154-af9a-3709480f28fd","6d92600d-2d5b-4b1b-94d4-d44d75e67b82"
"8a749707-273f-4154-af9a-3709480f28fd","8b242477-ac7c-4c6d-9a0c-17b2aeaf74bd"
"8a749707-273f-4154-af9a-3709480f28fd","52c32a4c-3a3a-46b6-8b5f-bbe98a78a481"
"8a749707-273f-4154-af9a-3709480f28fd","d41e8cfe-3bd6-4a60-ab67-22036f2c606c"
"8a749707-273f-4154-af9a-3709480f28fd","6424afba-361b-452b-9876-8d901ca40a23"
"8a749707-273f-4154-af9a-3709480f28fd","ec88fc08-c847-4e2b-a86e-9e62a4bcafe2"
"8a749707-273f-4154-af9a-3709480f28fd","b7d988e0-c5d0-4972-becd-8d120a09f531"
"dfccf35f-6a67-4c53-823b-9c494929e169","b7d988e0-c5d0-4972-becd-8d120a09f531"
"8dfcbddd-a42c-46b2-9b47-64c0d1502431","8139e40c-b1c5-4a6e-b462-40d8fdd42c71"
"8dfcbddd-a42c-46b2-9b47-64c0d1502431","6d92600d-2d5b-4b1b-94d4-d44d75e67b82"
"8dfcbddd-a42c-46b2-9b47-64c0d1502431","8b242477-ac7c-4c6d-9a0c-17b2aeaf74bd"
"8dfcbddd-a42c-46b2-9b47-64c0d1502431","52c32a4c-3a3a-46b6-8b5f-bbe98a78a481"
"8dfcbddd-a42c-46b2-9b47-64c0d1502431","d41e8cfe-3bd6-4a60-ab67-22036f2c606c"
"8dfcbddd-a42c-46b2-9b47-64c0d1502431","62cc5fd9-dad3-4a84-9ef4-7914d0dd16c6"
"8dfcbddd-a42c-46b2-9b47-64c0d1502431","ec88fc08-c847-4e2b-a86e-9e62a4bcafe2"
"8dfcbddd-a42c-46b2-9b47-64c0d1502431","8d8a0ecd-9854-46c2-9ab4-f9e38e3654ec"
"8dfcbddd-a42c-46b2-9b47-64c0d1502431","6759b52f-bf53-41bf-beaf-ac00f46223d1"
"8dfcbddd-a42c-46b2-9b47-64c0d1502431","7d2b0938-521b-419b-a49e-7b89042301de"
"8dfcbddd-a42c-46b2-9b47-64c0d1502431","b7d988e0-c5d0-4972-becd-8d120a09f531"
"cbc97247-28d6-4884-bcb3-a64984b636d1","c0395c0c-b6b8-4469-a471-0486012d6935"
"cbc97247-28d6-4884-bcb3-a64984b636d1","8139e40c-b1c5-4a6e-b462-40d8fdd42c71"
"cbc97247-28d6-4884-bcb3-a64984b636d1","6d92600d-2d5b-4b1b-94d4-d44d75e67b82"
"cbc97247-28d6-4884-bcb3-a64984b636d1","8b242477-ac7c-4c6d-9a0c-17b2aeaf74bd"
"cbc97247-28d6-4884-bcb3-a64984b636d1","52c32a4c-3a3a-46b6-8b5f-bbe98a78a481"
"cbc97247-28d6-4884-bcb3-a64984b636d1","d41e8cfe-3bd6-4a60-ab67-22036f2c606c"
"cbc97247-28d6-4884-bcb3-a64984b636d1","ec88fc08-c847-4e2b-a86e-9e62a4bcafe2"
"cbc97247-28d6-4884-bcb3-a64984b636d1","1a8f9b75-3c05-4fc4-b1f4-c1bb2f22ac2a"
"cbc97247-28d6-4884-bcb3-a64984b636d1","b7d988e0-c5d0-4972-becd-8d120a09f531"
"d23938c9-77e1-4d6d-b048-2415e7787ccb","77c6490f-04f9-4176-a92f-9cc67970998a"
"60354204-7f6d-43e5-b56b-261b05f26cb9","c0395c0c-b6b8-4469-a471-0486012d6935"
"60354204-7f6d-43e5-b56b-261b05f26cb9","8139e40c-b1c5-4a6e-b462-40d8fdd42c71"
"60354204-7f6d-43e5-b56b-261b05f26cb9","6d92600d-2d5b-4b1b-94d4-d44d75e67b82"
"60354204-7f6d-43e5-b56b-261b05f26cb9","8b242477-ac7c-4c6d-9a0c-17b2aeaf74bd"
"60354204-7f6d-43e5-b56b-261b05f26cb9","52c32a4c-3a3a-46b6-8b5f-bbe98a78a481"
"60354204-7f6d-43e5-b56b-261b05f26cb9","d41e8cfe-3bd6-4a60-ab67-22036f2c606c"
"60354204-7f6d-43e5-b56b-261b05f26cb9","62cc5fd9-dad3-4a84-9ef4-7914d0dd16c6"
"60354204-7f6d-43e5-b56b-261b05f26cb9","6424afba-361b-452b-9876-8d901ca40a23"
"60354204-7f6d-43e5-b56b-261b05f26cb9","ec88fc08-c847-4e2b-a86e-9e62a4bcafe2"
"60354204-7f6d-43e5-b56b-261b05f26cb9","1a8f9b75-3c05-4fc4-b1f4-c1bb2f22ac2a"
"60354204-7f6d-43e5-b56b-261b05f26cb9","8d8a0ecd-9854-46c2-9ab4-f9e38e3654ec"
"60354204-7f6d-43e5-b56b-261b05f26cb9","6759b52f-bf53-41bf-beaf-ac00f46223d1"
"60354204-7f6d-43e5-b56b-261b05f26cb9","7d2b0938-521b-419b-a49e-7b89042301de"
"60354204-7f6d-43e5-b56b-261b05f26cb9","b7d988e0-c5d0-4972-becd-8d120a09f531"
"60354204-7f6d-43e5-b56b-261b05f26cb9","5bf2f776-8748-40de-848b-2f4a40f56120"
"81321342-ec88-4071-871c-25625d741a7d","f38003a6-052a-4c36-a6a5-93585a329041"
"e07df359-4e52-42e8-9a70-bfda9c03327c","5712032f-2d67-499d-b697-9d6b3263589c"
"56789662-4698-4c72-992b-9c523fd33920","549fb6b7-464f-4375-bbff-038a45fd6821"
"5d538ec9-dbdc-4892-9925-76fbfec09f8e","f2c32483-d13d-44df-a226-518addab0520"
"29254ac9-7580-4864-bb2b-735d89017b9f","549fb6b7-464f-4375-bbff-038a45fd6821"
"25e5fa67-628b-42f2-b943-04ec72d3bc09","f2c32483-d13d-44df-a226-518addab0520"
