":START_ID",":END_ID"
"10962340-9b1e-427f-b6d7-a29ed392b844","97691c56-cc62-4f7a-8782-af00b5caa09e"
