"id","uuid:ID","identifier","instanceType","name","identifierScheme","label"
"ResearchOrganization_1","53f9ccec-4366-4968-9fe2-417e7cddb849","123456789","ResearchOrganization","SITE_ORG_1","DUNS","Site Org"
